3,2
3,1
3,3
10,209
10,31
10,35
10,201
10,147
10,221
10,167
10,2
10,3
11,12
11,5
11,14
11,15
11,16
11,19
11,2
11,3
9,5
9,2
9,3
8,5
8,13
8,10
8,8
8,2
8,3
12,2
12,1
12,3
20,2
20,1
20,3
19,2
19,1
19,3
30,3
30,2
30,1
30,0
29,4
29,3
29,2
29,1
29,0
28,5
28,4
28,3
28,2
28,1
28,0
27,4
27,3
27,2
27,1
27,0
26,4
26,3
26,2
26,1
26,0
25,4
25,3
25,2
25,1
25,0
24,4
24,3
24,2
24,1
24,0
23,4
23,3
23,2
23,1
23,0
11,28
11,27
11,26
11,25
11,24
11,1
11,23
10,303
10,302
10,301
10,300
10,299
10,298
10,297
10,296
10,295
10,294
10,293
10,292
10,291
10,290
10,289
10,288
10,287
10,286
